X =  1.90000000000000E+01
Y =  7.70000000000000E+01
S1 =  23
S2 = -1
